4887
4127
-6400
9231
-6117
-9792
-1561
-6491
558
1649
-8386
-6264
981
5555
-5606
-9680
-9210
9965
8780
1857
-7935
-1489
-4916
3187
7848
8688
3921
-2444
-5927
-7288
6472
-3658
-7722
-8390
5258
-1007
-121
-3985
-874
-30
9284
-6882
-8378
8197
2788
-181
1184
4729
-4071
7310
-4331
-512
5622
-1682
1448
1970
-8484
133
4746
-1502
-4336
1509
-4265
5270
-4700
-6388
-8956
4477
-3248
-157
-7403
-3098
-5016
3181
-9808
6952
3954
657
2496
1446
7237
-1335
-2678
4069
1824
7700
-9623
6148
-636
-1709
-1205
-1156
807
1368
7439
-7804
7233
5436
-803
-2918
