# random numbers generated at random.org

328286	30706	429273	188961	517634	176001
677477	653888	246741	420661	66629	709915
799151	997273	572934	808556	616540	207749
649519	384662	836517	307052	274516	464386
804680	557979	420563	661838	563989	20483
24455	614426	938883	95120	360879	621789
828641	765620	275875	475103	302177	854458
9745	560285	166684	149940	981952	759655
243499	788264	793705	626744	92064	353571
587729	659089	434533	943632	765576	297936
824981	242768	944051	337645	14373	148047
347401	825475	934826	340633	744574	988599
397811	691286	430440	633017	869267	29108
463835	334958	829213	126513	871508	316638
343597	904302	362164	767940	183213	830799
554390	416558	582958	193914
