     1   773
  1.319248500000000000D+06  1.319312500000000000D+06 -3.467507395634581000D+07
 -3.552491090521229000D+07  1.620084160303941000D+07  8.354947026735259000D+05
 -8.346385113305443000D+05  1.582847428980204000D+05  1.382989875533406000D+03
 -1.050183658034415000D+04  3.092102890752277000D+03 -2.136541596837275000D+02
 -1.640968380108660000D+02  6.857875962393341000D+01 -9.765011885836643000D+00
 -2.394197342611903000D+00  1.623126692522355000D+00  9.020590968199773000D+06
 -4.193347072732986000D+07 -7.240658937964228000D+06  3.753471899597479000D+06
 -2.766322727331991000D+05 -9.912159653869351000D+04  4.379893186541657000D+04
 -6.666076474978532000D+03 -9.419538819899650000D+02  7.714900329555304000D+02
 -1.754146523953851000D+02 -2.378181723468373000D+00  1.463068355098789000D+01
 -4.667392892558536000D+00  4.596239183681609000D-01  8.496089269091220000D+06
 -1.828196020873741000D+07 -5.642664720459976000D+06  1.897262369197342000D+06
 -5.377770026923956000D+04 -7.017771230419620000D+04  2.307022048140340000D+04
 -2.365686496231922000D+03 -8.436508019074298000D+02  4.328624732479684000D+02
 -7.474743410971972000D+01 -8.894821818757878000D+00  8.844898907658591000D+00
 -2.208336029988271000D+00  6.302656713114792000D-02 -8.717700743834170000D+06
  4.841046525338900000D+07  1.603811831841669000D+06 -1.724508679951213000D+06
 -5.988121753721660000D+04 -1.406379327376502000D+04 -5.951598154314484000D+02
  1.005722574541443000D+02  1.779246274673914000D+01  8.631058643261424000D+00
  9.031765027256885000D-01  2.133295934691616000D-01  1.591966263611330000D-02
  1.663799508095605000D-03 -1.525948008574747000D-04 -4.896736544217155000D+07
 -1.296596536567184000D+06  1.126445518590811000D+07  2.520621491743362000D+05
 -8.240818253596439000D+04 -4.421683796160118000D+03 -2.796096331190446000D+03
 -1.755446906834253000D+02 -4.460153500531377000D+01 -1.925257840706271000D+00
 -4.392812199887487000D-03  6.735965098433868000D-02  2.514383729869071000D-02
  3.828450922785490000D-03  8.182782636298544000D-04 -2.514355482728980000D+07
 -6.077321278094268000D+06  5.794422201478953000D+06  3.256125034776595000D+05
 -3.703132185884320000D+04 -7.791210469880352000D+02 -1.416371770768841000D+03
 -1.042766277899125000D+02 -2.563027618247584000D+01 -1.981598417387324000D+00
 -1.028610382468398000D-01  1.197088122183271000D-02  1.156045672397758000D-02
  1.844812928699607000D-03  4.508756117741001000D-04 -8.685676768543226000D+07
  9.258919069882587000D+06  2.023693343778495000D+07 -3.887931933501796000D+05
 -3.539440427411856000D+05  6.605434437809087000D+03  2.574295788117491000D+03
 -8.668705928807601000D+01 -1.158681998728505000D+01  9.398114518124025000D-01
  3.476790183572970000D-02 -5.427627992553085000D-03 -6.449591246491861000D-04
 -5.202580791176657000D-04  5.432935290285713000D-04 -1.031688312407324000D+07
 -7.963087458922611000D+07  2.578720159777646000D+06  2.824299451937687000D+06
 -5.749349151198190000D+04 -2.984514273851487000D+04  7.685211212928671000D+02
  1.630020866822201000D+02 -8.804355439966171000D+00 -6.279337374350455000D-01
  8.817925663609005000D-02  7.024471757595961000D-04 -1.481951412881368000D-03
  5.787027260675494000D-04 -9.589658978786183000D-05  1.018115725013079000D+06
 -3.566386274761765000D+07 -1.683674303651067000D+05  1.268753162723102000D+06
 -2.511891421001964000D+03 -1.356812950404419000D+04  1.725417790384435000D+02
  7.736308877624586000D+01 -3.126641630006029000D+00 -3.384053278975609000D-01
  3.599720140147595000D-02  1.233817308481957000D-03 -8.066229358187984000D-04
  1.949202258119578000D-04  3.909891061804366000D-05 -6.052642503231530000D+07
 -3.783944814728788000D+07  1.208115076872252000D+06  1.249424245355606000D+05
 -2.284436018373332000D+03 -1.382019912132904000D+02  2.492860847430454000D+00
  1.038047900901597000D-01  3.843903603544121000D-03 -7.859716447819117000D-04
 -1.158802371385015000D-03  2.439643759056618000D-04  1.575711699375568000D-04
 -6.190209800164340000D-05 -1.405884377131969000D-05  1.208790904062738000D+08
 -1.552121097247114000D+07 -2.420708170359904000D+06  5.399550550568789000D+04
  4.149640622167867000D+03 -7.103579789216921000D+01 -3.462647336444457000D+00
  8.919689569778624000D-02 -2.520905427537442000D-03 -3.241476411389158000D-03
  1.115410962295593000D-03  4.364160606857165000D-04 -2.696904516970072000D-04
 -3.410618704269067000D-05  6.180164002496812000D-05  5.346215340622979000D+07
 -6.852558705400274000D+06 -1.070557246411719000D+06  2.384260016125940000D+04
  1.835231468362061000D+03 -3.137193723507469000D+01 -1.533324892709166000D+00
  3.882019157996339000D-02 -3.981166158196382000D-04 -1.289520379621909000D-03
  3.338608202599762000D-04  1.806045613742479000D-04 -8.818233203128644000D-05
 -1.678169779311520000D-05  2.174940556891950000D-05 -1.223538265209517000D+08
 -2.298344864304459000D+07  2.409676580684921000D+06  7.031954870327354000D+04
 -4.274133209893194000D+03 -5.538542811651142000D+01  3.878961284321621000D+00
  7.017858991102277000D-03  3.170293255363584000D-03 -2.477443504325638000D-03
 -7.777209281331225000D-04  4.797713133629842000D-04 -3.803720323413696000D-05
 -6.106178130935988000D-05  3.596497227878099000D-05  7.323233514123149000D+07
 -3.129971003116081000D+07 -1.433693427798800000D+06  1.053305656888687000D+05
  2.098252754000833000D+03 -1.234359387054490000D+02 -7.615550508952957000D-01
  1.051787935490368000D-01 -6.728835467172369000D-03 -6.397929702496065000D-04
  1.098497932200298000D-03 -1.738400458594333000D-04 -1.043715004609715000D-04
  6.313842027595034000D-05 -9.552515842180267000D-06  3.241242518669303000D+07
 -1.383228839426849000D+07 -6.344614548685744000D+05  4.655262136697592000D+04
  9.287381522704058000D+02 -5.456320337247893000D+01 -3.382929413019218000D-01
  4.774034635482806000D-02 -2.729228723687171000D-03 -6.235505711672083000D-04
  4.656839562074694000D-04 -2.090027196716673000D-05 -5.710297863044557000D-05
  2.285539493693061000D-05 -1.815434237973234000D-07  5.284283684967380000D+07
  6.742176058868401000D+07 -1.490072015643974000D+06 -3.181155118100444000D+05
  1.608132108350652000D+02  7.473693855262940000D+02  1.718442369912831000D+01
 -1.564221469885833000D+00 -9.235030787356479000D-02  2.282532398531735000D-03
 -1.784143213987978000D+08  2.091353051444377000D+07  4.938424239832506000D+06
 -5.347860455007769000D+04 -1.442673367634885000D+04 -1.377153658001216000D+02
  3.173447039081274000D+01  1.200816018396996000D+00 -6.100690205379262000D-02
 -5.406946490334276000D-03 -8.334441247271021000D+07  7.286476785532645000D+06
  2.307022169776864000D+06 -1.372491480092627000D+04 -6.598359927414933000D+03
 -8.810450696110326000D+01  1.392392560988170000D+01  6.015059872235957000D-01
 -2.475759918378497000D-02 -2.548128136362147000D-03 -3.207630291258099000D+07
  3.584858451529438000D+07  1.666468076471494000D+04 -3.145212175533071000D+03
 -5.455746626662680000D+00  7.008521715368252000D-02  4.068142931890890000D-04
 -4.419491552363270000D-06  2.961792257720884000D-07 -7.173652223751771000D+08
  4.549376521241686000D+05  3.798297165969464000D+05  3.403197525760945000D+02
 -1.603071685155716000D+01 -4.783535645474407000D-02  8.661842883355060000D-05
  2.503537216016776000D-06  8.056467342003772000D-07 -3.082632822706072000D+08
 -7.488152445197868000D+05  1.632264736638129000D+05  2.295528844050231000D+02
 -6.763768707582252000D+00 -2.247284744327448000D-02  2.813586613814097000D-05
  1.284847366790758000D-06  2.377264648525354000D-07  1.073744347302704000D+09
  1.651904095583353000D+07 -8.580588119383405000D+04 -2.646174076066968000D+02
  3.157511783291891000D-01  1.212673693310754000D-03  3.602161068360348000D-06
  4.096410571411897000D-07 -9.137989778699369000D+08  1.866216867134473000D+07
  7.293180847040469000D+04 -2.112270114531168000D+02 -6.087339134047753000D-01
 -3.518803897901683000D-05  4.207356122578456000D-06 -4.994313349117594000D-07
 -4.146614566147310000D+08  6.993375302408974000D+06  3.309716935568780000D+04
 -7.619563422939325000D+01 -2.609074965421293000D-01 -6.015126386714112000D-05
  1.704682896309324000D-06 -1.928082639600444000D-07  2.978665312560076000D+09
  2.625192656626059000D+06 -2.767886132652153000D+04 -4.138369789593134000D+00
  1.773523932590338000D-02 -1.434255625868408000D-06 -2.542458075410310000D-07
  3.120188203519814000D-08 -3.892844986594757000D+08  1.623283088372695000D+07
  3.614412959861707000D+03 -2.517050428543886000D+01 -2.478698142969556000D-03
  7.014507672928252000D-06  1.125012526370349000D-07  2.020789374282304000D-08
 -2.156022084410333000D+08  7.087997294897884000D+06  2.002074185131497000D+03
 -1.099056186411597000D+01 -1.365004114332033000D-03  2.982999165224524000D-06
  4.644135707545456000D-08  1.062068789001766000D-08  4.399034640402135000D+09
 -2.643995755733132000D+06 -1.255169055747646000D+04  1.141809533409372000D+00
  2.981700188165068000D-03 -6.017501114541845000D-07  7.380300201710011000D+08
  1.377213960532110000D+07 -2.107566334195540000D+03 -6.577379545284190000D+00
  3.665015503016206000D-04  9.480400882289750000D-07  1.923381111455288000D+08
  5.707693630473252000D+06 -5.494871539944669000D+02 -2.722893362243675000D+00
  7.482449611000689000D-05  3.955058207244286000D-07  4.916222327956682000D+09
 -7.078063185410293000D+06 -3.157665085877435000D+03  7.440387883458483000D-01
  5.633338658847530000D-05 -3.592807294053696000D-08  5.444988296709638000D+09
  6.129103720240094000D+06 -3.497630524619627000D+03 -6.719961699262030000D-01
  3.783359738908878000D-05 -5.097210449840725000D-08  2.255680916457306000D+08
  4.069042077882940000D+06 -1.448464841929908000D+02 -4.364819165261238000D-01
 -3.728500089595750000D-06 -1.543735282362641000D-08 -3.076363435380001000D+05
  1.164675845454172000D+05  6.827237822431745000D+04 -2.668770099355043000D+03
 -1.066678744491956000D+03 -3.913506501306082000D+01 -1.165530310002327000D+00
  1.028240463082282000D+00  2.080606942114322000D-01  9.757723229835991000D-03
 -1.396884791618756000D-03 -4.824795911349931000D-04 -6.189915465753621000D-05
 -1.114047520020065000D-07  1.206075034239692000D-06 -9.245403652709092000D+04
 -2.491076608458187000D+05  2.165796612102953000D+04  8.844035600900673000D+03
 -5.412533220390253000D+01 -5.837493015236562000D+01 -7.617956896842347000D+00
 -9.980364475919167000D-01  4.281096723024895000D-02  2.103177385589844000D-02
  2.689768383074693000D-03  1.305081908714586000D-04 -3.930547003344107000D-05
 -9.638654616997371000D-06 -8.920067413399568000D-07 -4.646579180852117000D+04
 -1.388517831946582000D+05  1.095770480242481000D+04  4.927738839415646000D+03
 -1.491380671303973000D+01 -3.193739330786304000D+01 -4.186894701211387000D+00
 -5.638464251426195000D-01  2.084020145999431000D-02  1.149186958634923000D-02
  1.502901869409642000D-03  7.833071701880898000D-05 -2.087203630216440000D-05
 -5.319638531846093000D-06 -5.083008847786040000D-07  1.705835470698861000D+05
  2.581705102180436000D+05 -5.159676621882468000D+04 -1.154033923209964000D+04
  1.224079372539936000D+03  2.339709494850867000D+02 -2.318222414829358000D+01
 -5.091381563263620000D+00  6.379149899040947000D-01  1.351747669946331000D-01
 -2.081522406162580000D-02 -3.971845547626307000D-03  7.175158573402758000D-04
  1.221643058439417000D-04 -2.650707588442487000D-05 -1.902719092818277000D+05
  1.833126880802616000D+05  5.623212550225519000D+04 -7.742914651178790000D+03
 -1.459335461709246000D+03  1.434369641743692000D+02  2.910930794373882000D+01
 -3.263342173250137000D+00 -7.102714323837108000D-01  1.007151869894507000D-01
  1.998711643812929000D-02 -3.393613340169278000D-03 -6.040801109466019000D-04
  1.185943562856820000D-04  1.948745680904235000D-05 -1.067837042792094000D+05
  9.765549882572360000D+04  3.171317662741793000D+04 -4.124024663958591000D+03
 -8.232222945817428000D+02  7.616385076561150000D+01  1.639584466440671000D+01
 -1.734460689219366000D+00 -4.006933738822631000D-01  5.380453187066992000D-02
  1.131066795149527000D-02 -1.820629484437574000D-03 -3.429893137372984000D-04
  6.384346893890935000D-05  1.110878301292296000D-05  1.486015383624085000D+05
 -2.667762954744112000D+05 -3.825333259395757000D+04  1.056574480200740000D+04
  3.628117170285332000D+02 -1.207267256928387000D+02  5.176924692356021000D+00
 -6.476457824079636000D-02 -3.678073676231361000D-02  1.957079612338357000D-02
 -2.657000596777053000D-03 -5.145960935430669000D-05  4.683341174837295000D-05
 -6.069660207562929000D-06  5.033072251764094000D-07  2.387851813555708000D+05
  1.467101071020774000D+05 -5.716544226988103000D+04 -4.204896306008750000D+03
  1.127165768859343000D+03 -4.963497250677103000D+00 -6.557498468496605000D+00
  6.542370254628048000D-01 -9.698902232052871000D-02  7.267018091615169000D-03
  1.718785909898811000D-03 -3.858735895812866000D-04  2.240858381638937000D-05
  1.619636398976375000D-06 -6.399178204963142000D-07  1.298107029443154000D+05
  8.403566796005455000D+04 -3.112254631997720000D+04 -2.459403394321216000D+03
  6.193895672826887000D+02 -1.054639210282842000D+00 -3.707534359018301000D+00
  3.614782039684517000D-01 -5.291922416903543000D-02  3.756373104504574000D-03
  9.834851798883118000D-04 -2.124650390244481000D-04  1.174123479567346000D-05
  9.773688355494206000D-07 -3.597188422052108000D-07 -3.142758913669277000D+05
 -1.083804425820500000D+05  6.465785644632681000D+04  3.514924776943833000D+03
 -8.765560720474618000D+02 -1.189985878303446000D+01  1.475287126008357000D+00
 -5.430464920221066000D-01 -5.551612388024276000D-03  7.399992077008299000D-03
  2.768566360530254000D-04 -3.234954970887510000D-05  8.579656191334449000D-06
  4.962774905914732000D-07 -1.807730917753719000D-07  1.028293352370323000D+05
 -2.505662413861344000D+05 -2.044857185454915000D+04  8.021853604348378000D+03
  2.666690563830377000D+02 -4.748802708537778000D+01  1.875943663805510000D+00
 -3.911006639380857000D-02 -6.555240053528742000D-02 -2.293689978581924000D-03
  4.758526086918268000D-04 -1.136620845510931000D-05 -2.462299074338906000D-06
  1.356976106864151000D-06  6.359695664523567000D-08  5.977365807118639000D+04
 -1.373514538447326000D+05 -1.202537389391410000D+04  4.406360326325290000D+03
  1.587106420716609000D+02 -2.628542338019943000D+01  1.007271343708027000D+00
 -1.529332570755707000D-02 -3.626170398018353000D-02 -1.353578055356021000D-03
  2.612103026160709000D-04 -5.795830051634625000D-06 -1.455996838184089000D-06
  7.455780735962252000D-07  3.733540876532425000D-08 -6.147422234928949000D+04
  3.195011620038700000D+05  1.430140711627925000D+04 -1.222654619105131000D+04
 -8.354141871290107000D+02  1.127724678649099000D+02  2.665244628113324000D+01
  1.785903991391124000D+00 -4.242325232505745000D-01 -1.069004912805716000D-01
 -3.892169639792169000D-03  2.391785609335604000D-03  4.758382521716098000D-04
  9.747096839551370000D-07 -1.446488291337670000D-05 -2.541833018101058000D+05
 -3.076123061589146000D+04  6.771226871535556000D+04  3.134972128608889000D+03
 -1.235335807840404000D+03 -1.386263352150348000D+02  1.648083204365183000D+00
  3.305494811132744000D+00  4.585479102828301000D-01 -2.275032222609743000D-02
 -1.551561030092146000D-02 -1.665582698938985000D-03  1.977919602247106000D-04
  8.001483110828838000D-05  6.664093338895995000D-06 -1.400228716311609000D+05
 -2.003600368125724000D+04  3.738619776963850000D+04  1.862126472865683000D+03
 -6.778408795022854000D+02 -7.809035740337102000D+01  6.727435329953556000D-01
  1.817452296125402000D+00  2.583182611277663000D-01 -1.161999400345081000D-02
 -8.570144121128898000D-03 -9.461956640520484000D-04  1.052588996189844000D-04
  4.437034280036158000D-05  3.831442330317360000D-06  2.704607114588459000D+05
 -7.091085116656322000D+04 -7.911262803973479000D+04  4.700043058863227000D+03
  1.689479260146372000D+03 -1.784843506504546000D+02 -1.413933554566215000D+01
  5.496226307467970000D+00 -2.979955858931522000D-01 -1.222628104149767000D-01
  2.310299014158727000D-02  1.005359215981299000D-03 -8.491838804527214000D-04
  7.101788749669248000D-05  1.935788204247446000D-05  7.136252012694831000D+04
  2.795447982524276000D+05 -1.941798618721983000D+04 -1.147652399122552000D+04
  8.401184453675391000D+02  1.548571227525922000D+02 -2.834220426440611000D+01
 -1.146169346296621000D-01  7.559558288424021000D-01 -8.593490577166396000D-02
 -1.248525428244670000D-02  4.102891408050322000D-03 -1.018230045568554000D-04
 -1.201693668335135000D-04  1.904629939064939000D-05  3.733589510534136000D+04
  1.556110814479222000D+05 -1.005098355918016000D+04 -6.415276086871363000D+03
  4.498630039756895000D+02  8.771589879522697000D+01 -1.558374786877864000D+01
 -1.164600620520985000D-01  4.220956586343552000D-01 -4.650561797253692000D-02
 -7.142515925533860000D-03  2.266060981070107000D-03 -4.848210770196513000D-05
 -6.731440406196713000D-05  1.038137799602638000D-05 -1.691112686378179000D+05
 -2.704617100683136000D+05  3.432831925703928000D+04  8.455041984124104000D+03
 -6.290046460937569000D+02 -4.210181055078239000D+01  2.276788026892512000D+00
 -7.974573458888037000D-02  5.044214972371442000D-02 -7.729795421757170000D-03
 -2.596070267253562000D-04  1.059861259459134000D-04 -4.400736289866753000D-06
  6.170090109095505000D-07 -1.499499826174555000D-07  2.489089077285485000D+05
 -1.292732044370286000D+05 -5.302983203580945000D+04  4.895805898559896000D+03
  6.769686961765029000D+02 -4.664689148163439000D+01 -2.642072340342880000D-01
 -1.494100022157111000D-01  1.932869002090098000D-02  4.913852688894097000D-03
 -1.035471755457866000D-03  2.033274314212870000D-05  2.808193439090528000D-06
  9.399166149853199000D-08  8.469747856317877000D-08  1.394147680074078000D+05
 -6.959052386072440000D+04 -2.976546190075063000D+04  2.645091372962129000D+03
  3.827959231691060000D+02 -2.552331554039800000D+01 -1.804136532440714000D-01
 -8.186370912018662000D-02  1.030443309407525000D-02  2.796077858382004000D-03
 -5.726893375020738000D-04  1.023946151453183000D-05  1.610496257102547000D-06
  4.728610554978803000D-08  4.825962993210495000D-08 -2.649973262666784000D+05
  1.940560096539039000D+05  5.708213093724933000D+04 -5.487679959751833000D+03
 -9.770102756825709000D+02 -1.041559487331352000D+00  1.347313227149319000D+00
  4.559037546418699000D-01  1.293540392442797000D-01  1.108092942374836000D-02
 -4.259455917651101000D-04 -1.858157967551102000D-04 -3.084639977756448000D-05
 -3.695533092848301000D-06 -4.581664901697416000D-08 -1.669493287975683000D+05
 -2.089898718082561000D+05  3.811139925167832000D+04  7.721757569495624000D+03
 -3.590518768731154000D+02 -6.348630441470059000D+01 -3.553731297385992000D+00
 -5.608655093163419000D-01 -7.530190467190701000D-03  1.178540208118795000D-02
  1.748749892177227000D-03  1.185356464659444000D-04  8.322889913108540000D-07
 -2.657567102922450000D-06 -6.161009067574965000D-07 -9.092679344936981000D+04
 -1.177484135595138000D+05  2.074321020130940000D+04  4.346035157338628000D+03
 -1.916615894240948000D+02 -3.545130046710820000D+01 -1.992980520751063000D+00
 -3.153697233913928000D-01 -5.199658898240609000D-03  6.477903485406953000D-03
  9.778080342672709000D-04  6.748197895788192000D-05  6.952068979262120000D-07
 -1.451849830740975000D-06 -3.428127763054760000D-07 -6.354715927766019000D+05
 -3.878615682553733000D+04 -6.789912457593532000D+01  3.310484069207648000D+00
  1.394431078815633000D+00 -1.760324411822635000D-01  7.173998768624598000D-02
 -1.539848326110223000D-02 -1.045110441044165000D-03  2.891008140297797000D-03
 -1.573982320620218000D-03  4.388144054066455000D-04 -4.354101506542734000D-05
 -5.132471350970451000D-05  3.797605712310578000D-05  9.229193415019987000D+05
 -6.852934929403784000D+03 -3.706313813909267000D+02 -1.120554005555498000D+01
  5.854781997770152000D-01 -8.209345214295393000D-03 -9.932849940755329000D-03
  2.028196579529218000D-02 -9.087364055719856000D-03  2.672268981805974000D-03
 -1.276386946775621000D-04 -3.102939602020471000D-04  1.897987947275973000D-04
 -7.650903377552964000D-05  2.319880621856020000D-05  4.121427667396186000D+05
 -1.737342960533248000D+03 -1.559979388251849000D+02 -5.446200979686259000D+00
  2.140431562111736000D-01  8.078331401239653000D-03 -1.349200577564989000D-02
  1.251574183920104000D-02 -4.702583538229113000D-03  1.094520245888542000D-03
  1.071647277293526000D-04 -2.135263933196298000D-04  1.064491368445397000D-04
 -3.473376075380505000D-05  7.657782225485032000D-06  0.000000000000000000D+00
     2   773
  1.319312500000000000D+06  1.319376500000000000D+06  2.487919900569934000D+07
 -3.351951018028875000D+07 -1.842452378703390000D+07  1.647351580619969000D+06
  1.326261824116507000D+06  1.031003257500231000D+05 -7.474085794731365000D+04
 -2.243739689527098000D+04  1.974204778400298000D+03  2.421208056705613000D+03
  3.063268887201851000D+02 -1.675936253817262000D+02 -6.860272509359436000D+01
  2.792370854044523000D+00  8.242746180609139000D+00  9.016826599040504000D+06
  4.245629581364791000D+07 -9.814115353634993000D+06 -4.557709976553009000D+06
  9.875694146931210000D+04  2.949256535674927000D+05  4.661522421165464000D+04
 -1.439200789807666000D+04 -6.793686413742993000D+03 -6.445393658144772000D+01
  6.278249890968298000D+02  1.425771846556379000D+02 -3.207718597032839000D+01
 -2.139639658757202000D+01 -1.847905778558610000D+00  1.860345791018791000D+06
  2.624227620350613000D+07 -3.153034923419244000D+06 -2.600076787234778000D+06
 -9.526196027202742000D+04  1.449070119490268000D+05  3.303701996140831000D+04
 -5.133779229582736000D+03 -3.822076873756118000D+03 -3.036834294784378000D+02
  2.988042637921446000D+02  9.425601362439545000D+01 -9.372570554714947000D+00
 -1.165617899761433000D+01 -1.897352917206363000D+00 -4.516418991562337000D+07
 -4.535070592504534000D+06  1.563410888670296000D+07 -1.220740242678895000D+06
 -2.094176484583533000D+05  7.807807927786188000D+04 -1.745767153921682000D+04
  1.966302611593665000D+03  1.604935648787139000D+02 -1.544529863206109000D+02
  4.502853947176221000D+01 -7.382474967976596000D+00  1.423453682360841000D-01
  3.713413275571460000D-01 -1.404346930975548000D-01 -9.717020529347097000D+06
 -4.800369000305343000D+07  1.983635952117009000D+06  2.344760641065386000D+06
 -3.765967186219723000D+05  3.570638564205496000D+04  4.048219245200356000D+03
 -2.905210929257469000D+03  7.604022935924270000D+02 -1.138548355181222000D+02
 -5.344405375603997000D-01  6.308229123370815000D+00 -2.214333261056201000D+00
  4.391961584767186000D-01 -3.741252779639057000D-02 -2.787252882102210000D+05
 -2.494998519486365000D+07 -6.884205688644606000D+05  1.379182518410761000D+06
 -1.763784322614153000D+05  1.024223353933081000D+04  4.089781291582188000D+03
 -1.759348815640017000D+03  3.853356795560435000D+02 -4.317873598463858000D+01
 -5.295544747824929000D+00  4.166663127872574000D+00 -1.189987372340787000D+00
  1.915476797739542000D-01 -4.205856407646794000D-03  2.767591807913448000D+07
  8.230354501233924000D+07 -6.374640532924675000D+06 -2.824544687796774000D+06
  1.098417791805068000D+05  2.601573295755534000D+04 -7.508851304619720000D+02
 -7.471057728590583000D+01  2.639582034662403000D+00 -2.829713969389159000D-01
 -1.868537148264300000D-03  2.952101517188388000D-03 -5.586181871998417000D-05
 -5.393695614481846000D-06  9.032364370865627000D-07 -7.533107758100076000D+07
  2.715790864171892000D+07  1.719136723700648000D+07 -9.552888111096403000D+05
 -2.806540520854042000D+05  9.739596785609516000D+03  1.523895099049286000D+03
 -4.606385011406466000D+01 -5.621973023075279000D-01  9.643199633204928000D-02
 -3.371201200622207000D-02  3.132774666492639000D-04  1.564980114909470000D-04
  5.459745203120005000D-06 -4.196820016500581000D-06 -3.499348487394232000D+07
  6.654933952932678000D+06  7.981093214894683000D+06 -2.386746722097083000D+05
 -1.306656773057549000D+05  2.612636327126166000D+03  7.194407689684322000D+02
 -1.547078025448866000D+01 -4.175510289340846000D-01  6.066578019122868000D-02
 -1.473533645224371000D-02 -4.412390532258738000D-05  7.281411935869245000D-05
  1.291026369114335000D-06 -1.593645013957665000D-06 -1.472269838654835000D+08
 -1.545237936105947000D+06  2.822626885822306000D+06 -2.040173481707626000D+03
 -4.500330793167651000D+03  2.831729256725343000D+01  2.802794825584867000D+00
 -4.428527166437051000D-02  1.147181586120788000D-03 -3.213329679075901000D-03
  1.100813934273967000D-04  2.290898433848968000D-04 -7.680377817960534000D-05
  2.319225090547189000D-05  2.402206969604661000D-06  3.443648999819796000D+06
 -3.733247889041474000D+07 -5.064541714453585000D+04  1.190052769469703000D+05
 -3.557448620797013000D+02 -1.136456499844510000D+02  1.358779978827120000D+00
  4.819331504396475000D-02 -6.145805172068019000D-03 -1.986637047385910000D-05
  4.318406968122378000D-04 -8.948787454007942000D-05  1.492189759507828000D-05
  1.246933838765551000D-05 -1.042072794477386000D-05  1.564152508032806000D+06
 -1.650474684646667000D+07 -2.307595239560540000D+04  5.261619916522586000D+04
 -1.561932383741808000D+02 -5.025348255016962000D+01  6.019345780119144000D-01
  2.177549818642452000D-02 -3.386685605218977000D-03 -8.576582174663214000D-05
  3.040073789457654000D-04 -4.572482576624693000D-05  8.124644103819989000D-07
  8.623155663002388000D-06 -6.087405694490578000D-06 -1.286364244293126000D+08
  1.977772028612880000D+07  2.395077476100481000D+06 -6.643615548829411000D+04
 -3.399285645124302000D+03  7.517517100692549000D+01  1.162832826281351000D+00
 -3.522551256732256000D-02 -2.040273903586530000D-03 -2.446343276244435000D-03
  3.336030045059894000D-04  1.541229886722650000D-04  2.268529134577925000D-05
  5.248404462226360000D-06 -1.058773836400781000D-05 -6.727824453523074000D+07
 -3.228182729301714000D+07  1.274840169633637000D+06  9.719898881410623000D+04
 -2.236279078408979000D+03 -7.243961005740061000D+01  1.883324136820798000D+00
 -2.765475233591994000D-03 -6.047353123695112000D-03 -2.284856854636724000D-04
  5.197180647323589000D-04  8.049752762577132000D-05  6.003724479665705000D-06
 -1.375380906443571000D-05 -4.916746315309213000D-06 -2.970725184513826000D+07
 -1.427687381876246000D+07  5.630637743482758000D+05  4.299063974688612000D+04
 -9.879033897678051000D+02 -3.204457541822782000D+01  8.331594608865862000D-01
 -2.351219877335856000D-03 -2.898371231728004000D-03  1.654540781966777000D-04
  2.650064565352816000D-04  1.330950302274865000D-05 -1.259488979224302000D-06
 -7.072281802409194000D-06 -1.522203984206301000D-06  1.644928560072712000D+08
  4.146486766819580000D+07 -4.777335146592375000D+06 -1.925702114312972000D+05
  1.461178275161209000D+04  4.635093563957827000D+02 -3.938264987445856000D+01
 -1.206186421712643000D+00  1.261607987832178000D-01  3.372325470939215000D-03
 -1.018295053379291000D+08  5.402343366971233000D+07  2.972458194865819000D+06
 -2.593217485502618000D+05 -8.558954957375049000D+03  6.813749206504237000D+02
  2.062490161095780000D+01 -2.005557012514319000D+00 -5.893082751588995000D-02
  6.665663808461747000D-03 -5.210615277437058000D+07  2.329179896212467000D+07
  1.519306641141743000D+06 -1.120224120058101000D+05 -4.403539069327831000D+03
  2.957698744092048000D+02  1.075219170548599000D+01 -8.755724094526085000D-01
 -3.105793553836224000D-02  2.924893855182956000D-03  3.963369030199350000D+07
  3.582955763981713000D+07 -2.155372285143006000D+04 -3.220787755346334000D+03
 -3.962125959287798000D+00  7.937029280177891000D-02  4.763369482238801000D-04
  1.341970697832635000D-05 -3.105063251995811000D-06 -7.134069024024549000D+08
  3.505478652955957000D+06  3.823435412989406000D+05  7.634231611246068000D+01
 -1.695237954818684000D+01 -4.333597959058276000D-02  2.975228062661329000D-04
 -1.289839233286254000D-05 -4.507101425059683000D-06 -3.084476989060190000D+08
  5.661415270647755000D+05  1.653171352787403000D+05  1.177976492577639000D+02
 -7.200203076474295000D+00 -2.075116284367390000D-02  1.106238691434368000D-04
 -6.289312164812464000D-06 -1.453359093391138000D-06  1.106085988566491000D+09
  1.581998003614100000D+07 -8.895015875877229000D+04 -2.593655694968112000D+02
  3.410443322182032000D-01  1.299360439222437000D-03 -2.537463091742412000D-06
 -8.464162130465393000D-07 -8.758993295857328000D+08  1.923531863272830000D+07
  7.033863173527608000D+04 -2.209698940983051000D+02 -6.090890652860407000D-01
 -2.240472682239848000D-05  1.026301595736498000D-06  1.217638500468937000D-06
 -4.004128742387456000D+08  7.254424216229510000D+06  3.215773853105294000D+04
 -8.037879596097195000D+01 -2.619731225469846000D-01 -5.462861868665281000D-05
  4.599802790222007000D-07  4.595730904574687000D-07  2.983694113127878000D+09
  2.403567945284331000D+06 -2.772682046632161000D+04 -3.854910178297948000D+00
  1.770268799687310000D-02  3.014386810460624000D-07  1.942336298473851000D-07
 -6.836047778880136000D-08 -3.567908785356697000D+08  1.626053734078846000D+07
  3.312134135860360000D+03 -2.520887752767981000D+01 -2.310999280478120000D-03
  8.870690070062416000D-06 -1.364239963489318000D-07 -1.787736387175779000D-08
 -2.014106151578787000D+08  7.103485975168212000D+06  1.870058618268726000D+03
 -1.101185135898236000D+01 -1.292918635524206000D-03  3.895807602444854000D-06
 -5.262555889368047000D-08 -1.142228271191624000D-08  4.393646279326669000D+09
 -2.744353663521219000D+06 -1.253770314032122000D+04  1.189379331518289000D+00
  2.963689204544130000D-03 -8.039752772138202000D-07  7.655571889819024000D+08
  1.375496346161969000D+07 -2.186459045438648000D+03 -6.571351632108279000D+00
  3.883757186685240000D-04  1.335631839051965000D-06  2.037489990540803000D+08
  5.703167055349344000D+06 -5.821544109329501000D+02 -2.721626195608254000D+00
  8.424658736807695000D-05  5.889747731766291000D-07  4.902040968549458000D+09
 -7.103288776922213000D+06 -3.148731217047719000D+03  7.449385249413795000D-01
  5.591768757286979000D-05 -9.162358062912626000D-08  5.457218497577224000D+09
  6.101090430355024000D+06 -3.505690919961334000D+03 -6.714097741402917000D-01
  3.526465223409861000D-05 -1.006998743222897000D-07  2.337050004425806000D+08
  4.067862353842746000D+06 -1.500846338923150000D+02 -4.365435923062581000D-01
 -3.932767763565026000D-06 -1.261567822766725000D-09  2.215775216139261000D+05
  1.837277212883548000D+05 -6.853548971195766000D+04 -8.995107846647127000D+03
  1.621743488747039000D+03  2.368697112733507000D+02 -2.453818189729209000D+01
 -7.201441970912712000D+00  3.001442158892136000D-01  2.407354814688419000D-01
  3.412957477033708000D-03 -8.010155588565953000D-03 -5.781035201500777000D-04
  2.541900529844669000D-04  3.779235395114808000D-05 -1.384321914545029000D+05
  2.429594986123872000D+05  4.188873926730555000D+04 -1.038745730939754000D+04
 -1.275285148224594000D+03  1.784982937101985000D+02  3.516434735166722000D+01
 -2.548249911278647000D+00 -1.145711813607557000D+00  1.610604293919050000D-02
  3.841648626113028000D-02  1.619060102430785000D-03 -1.257098398092094000D-03
 -1.301106246758047000D-04  3.958789711287034000D-05 -7.868509688043593000D+04
  1.339062568274529000D+05  2.386099893628956000D+04 -5.715566147739936000D+03
 -7.235041918586389000D+02  9.761087102938546000D+01  1.978698688422049000D+01
 -1.364069433026147000D+00 -6.406378172583931000D-01  7.111574882369364000D-03
  2.137539055403243000D-02  9.638644270139137000D-04 -6.958472290908174000D-04
 -7.444587778460384000D-05  2.176178175707233000D-05  5.151937779205837000D+04
 -3.045387269776665000D+05 -1.475980959322749000D+04  1.158338622931336000D+04
 -2.305085344340479000D+02 -1.009239761804468000D+02  1.547518845227965000D+01
 -1.436442332669597000D+00 -1.216839446577474000D-01  5.350326936553873000D-02
 -6.230878872846126000D-03 -1.103466655274634000D-04  1.733563394802554000D-04
 -2.972954240301911000D-05  1.151359042145113000D-06  2.670347146750299000D+05
  6.899327236993980000D+04 -6.507277888087788000D+04 -7.657994922671241000D+02
  1.158281065472995000D+03 -7.355734675276305000D+01 -9.996981922001396000D-01
  1.663532688613362000D+00 -3.047495800551427000D-01  1.180188384862568000D-02
  4.713865536235417000D-03 -1.105817157548788000D-03  9.077963461285604000D-05
  1.143062519701181000D-05 -4.519151771284811000D-06  1.484218724492044000D+05
  4.071719534334651000D+04 -3.614836636611455000D+04 -5.164047465298568000D+02
  6.474182869268218000D+02 -4.016742832037016000D+01 -6.814806497934369000D-01
  9.376901486541909000D-01 -1.688048361660137000D-01  6.158711856600745000D-03
  2.674259803701150000D-03 -6.151332402794431000D-04  4.922665323200211000D-05
  6.597384148737002000D-06 -2.526337437366485000D-06 -3.355222621679617000D+05
 -1.220466445981071000D+04  6.841783058280543000D+04  6.870402186872298000D+02
 -9.451389685814558000D+02 -1.671904808701074000D+01  2.267022352450188000D+00
  2.634862411803573000D-01 -2.102575575440053000D-02 -3.392278001613378000D-03
  7.304013166072043000D-04  5.674912503104515000D-05 -3.916576896086310000D-06
 -9.929010414702075000D-07  2.539488525196716000D-08  1.493709512308331000D+04
 -2.677097039212703000D+05 -2.921087608494940000D+03  8.601791031095875000D+03
  9.816767037683743000D+01 -5.436696369159285000D+01 -1.923001621681252000D+00
  5.508181269608242000D-02  2.586979720871855000D-02 -4.575481284428212000D-03
 -3.663513322974160000D-04  5.798485350321456000D-05  6.693232081302997000D-06
 -1.605708566191384000D-07 -1.083777915369363000D-07  1.080399745192962000D+04
 -1.491136195952129000D+05 -2.136319927153994000D+03  4.790580568716916000D+03
  6.179920834306128000D+01 -3.022928259511032000D+01 -1.089606327077334000D+00
  2.909181820797970000D-02  1.458303781284379000D-02 -2.525075987536534000D-03
 -2.097355954384903000D-04  3.191437314921926000D-05  3.761583061629436000D-06
 -8.239461201325733000D-08 -6.062442097284087000D-08  3.261964816678170000D+04
  3.134174885328443000D+05 -1.074884409935670000D+04 -1.233124759341983000D+04
 -2.480369649849347000D+02  1.323587463094824000D+02  1.531917735254951000D+01
  7.568247222043706000D-01 -1.856685774488740000D-01 -5.351738617402183000D-02
 -4.186008058563477000D-03  5.712846606704878000D-04  1.895457602268708000D-04
  1.927008418907646000D-05 -1.250188436813748000D-06 -2.607965174225711000D+05
  5.294685063557012000D+04  6.751237717853049000D+04 -4.096251919731166000D+02
 -1.303353471412811000D+03 -7.078418120668601000D+01  5.556220841785587000D+00
  1.817564627067145000D+00  2.493700940154154000D-01 -6.115973667371740000D-04
 -6.186042568417977000D-03 -9.624465963562802000D-04 -1.679382797332510000D-05
  2.011313074350760000D-05  4.104505597289521000D-06 -1.455813012216834000D+05
  2.720459844410940000D+04  3.770339515398304000D+04 -1.400539794353858000D+02
 -7.248862350475240000D+02 -4.037374996802628000D+01  2.992899614593869000D+00
  1.007398621682411000D+00  1.402446422551658000D-01  3.839214144825425000D-05
 -3.417392357106362000D-03 -5.403566892171964000D-04 -1.070081490166165000D-05
  1.107079680433264000D-05  2.295997538598776000D-06  2.339351997011520000D+05
 -1.650329649620651000D+05 -6.945802545160544000D+04  8.343934635037728000D+03
  1.489736701584361000D+03 -2.242688985984202000D+02 -1.687952162977652000D+01
  6.369208297439956000D+00  4.676614205735347000D-02 -1.878300598305389000D-01
  9.983746375350796000D-03  5.331420641014335000D-03 -6.672760864173977000D-04
 -1.360618637493027000D-04  3.298449498601856000D-05  1.345504961635251000D+05
  2.495080115965345000D+05 -3.831224539853292000D+04 -1.012245844055285000D+04
  1.209974043052661000D+03  1.456674792525704000D+02 -3.263953125685032000D+01
 -1.249327049149984000D+00  9.563005491845523000D-01 -2.205054865813295000D-02
 -2.779587190189127000D-02  2.441695875775957000D-03  7.552357469326206000D-04
 -1.301762380345387000D-04 -1.770789737647515000D-05  7.318291253222258000D+04
  1.401673070152238000D+05 -2.085354828880957000D+04 -5.698928071383484000D+03
  6.641194760974453000D+02  8.278401049349256000D+01 -1.807456676005561000D+01
 -7.416728955331532000D-01  5.326103257671586000D-01 -1.095280691493136000D-02
 -1.556063265200847000D-02  1.322739669580422000D-03  4.256028984319055000D-04
 -7.157261197775194000D-05 -1.010228759681939000D-05 -2.474433225281000000D+05
 -2.117370179620083000D+05  5.183905210170566000D+04  6.298886535811519000D+03
 -8.010034019850060000D+02 -1.043661502882173000D+01 -9.517775938391612000D-01
 -5.028375951909131000D-01  1.247243594334845000D-01 -5.246016889152651000D-03
 -2.146429273303540000D-04  1.053065046070736000D-04 -2.767420538561601000D-05
  2.569471462940323000D-06  3.768268620307722000D-08  1.921597073691067000D+05
 -1.928710009231670000D+05 -4.179425524014148000D+04  6.785736660541694000D+03
  4.491274536089533000D+02 -4.305708591454720000D+01  2.911531359879252000D+00
 -6.802688008059066000D-01 -1.560876959889689000D-02  9.905980248601335000D-03
 -1.010830069294800000D-03  1.178860561212561000D-04 -2.489254598960214000D-06
 -2.439822679367167000D-06  3.898319531792244000D-07  1.087493167511026000D+05
 -1.058499057665361000D+05 -2.361461256103543000D+04  3.739650388475376000D+03
  2.553717348795553000D+02 -2.401922573562998000D+01  1.628441255945058000D+00
 -3.749551002678885000D-01 -9.541334440700162000D-03  5.559431280800224000D-03
 -5.621053947270868000D-04  6.489004471186028000D-05 -1.190015892241868000D-06
 -1.377411005360941000D-06  2.170254662725988000D-07 -1.859957528439413000D+05
  2.642424430022047000D+05  4.073288642013151000D+04 -8.567621967914825000D+03
 -8.746630311109550000D+02  5.093672431735610000D+01  8.246882805925779000D+00
  9.501126350199453000D-02 -3.656876493041246000D-02  5.964915415735915000D-03
  5.911796951047589000D-04 -1.664543609777039000D-04 -2.184463695585897000D-05
  1.278482918052093000D-06  3.001804196752217000D-07 -2.278398412440763000D+05
 -1.467497539311299000D+05  5.244167059520827000D+04  6.021770720826368000D+03
 -7.234062542310005000D+02 -8.166366003267060000D+01  9.439268679464481000D-01
  5.278370478010329000D-01 -6.708873971478376000D-03 -2.593606245651414000D-03
  1.078658520571371000D-03  1.121302872153892000D-04 -1.458617852726278000D-05
 -2.502977574279408000D-06  8.613853326792166000D-08 -1.252180660343792000D+05
 -8.331993201762343000D+04  2.890768545635084000D+04  3.400552513219597000D+03
 -3.978572684237214000D+02 -4.571706085224902000D+01  4.866600393633761000D-01
  2.935283963129955000D-01 -3.536704080904923000D-03 -1.485997039621020000D-03
  5.959845659124681000D-04  6.334751466488315000D-05 -7.985763524317582000D-06
 -1.399620035086191000D-06  4.628360714502490000D-08  2.693489572900176000D+05
  8.713358262737556000D+04 -7.862647647679593000D+04 -4.390631498024224000D+03
  1.755517624016513000D+03  1.212417805194766000D+02 -2.076316220995694000D+01
 -3.499239687826406000D+00  8.227755957290556000D-02  9.240169297294216000D-02
  7.028904325322249000D-03 -1.860889869094519000D-03 -3.668525700093822000D-04
  1.763850947913764000D-05  1.235087461422013000D-05 -7.210660411124783000D+04
  2.762614421136405000D+05  2.070013922765078000D+04 -1.154420385754942000D+04
 -6.490086397469945000D+02  1.761067989468363000D+02  1.795537662676375000D+01
 -1.587287628146023000D+00 -5.089111853334220000D-01 -1.432362667419931000D-02
  1.202573127677667000D-02  1.531684530524957000D-03 -1.903760460290312000D-04
 -6.036939371607576000D-05 -5.681935089912552000D-07 -4.176142013391371000D+04
  1.527954010647023000D+05  1.194945083398127000D+04 -6.391467916143580000D+03
 -3.700588566121414000D+02  9.727662018087340000D+01  1.008461683277228000D+01
 -8.636274904541082000D-01 -2.830769526809429000D-01 -8.452890314507801000D-03
  6.640322563652662000D-03  8.607932618632510000D-04 -1.037267314518276000D-04
 -3.362317085169377000D-05 -3.830120614768210000D-07 -7.132982976951501000D+05
 -3.895358556155420000D+04  3.077476472423514000D+01  7.213455579268579000D+00
  6.739345950425526000D-01  4.636076659447240000D-01 -2.298099959771774000D-01
 -6.270211534147677000D-02  6.251728507664102000D-02  3.007008396699300000D-03
 -1.520454115266906000D-02  4.050433377281111000D-03  3.366232399817952000D-03
 -1.646692941416067000D-03 -5.114888091415640000D-04  9.059749415967557000D+05
 -1.013836474977938000D+04 -4.290736995906371000D+02 -1.601422426334837000D+00
 -5.199814193199741000D-01  3.915388949992781000D-01  1.496641249640195000D-01
 -1.114137002823293000D-01 -1.139910937543834000D-02  2.756861881053869000D-02
 -1.153438629003296000D-03 -6.726920557285778000D-03  2.780855702823156000D-03
  1.195860502263189000D-03 -1.265051118197685000D-03  4.072797776347111000D+05
 -3.150572074901256000D+03 -1.866630581657457000D+02 -9.403857818862249000D-01
 -4.110612238170607000D-01  1.537516135474581000D-01  1.053493035705789000D-01
 -5.209552774407674000D-02 -1.300398502868516000D-02  1.428330649998889000D-02
  1.080220947965907000D-03 -4.017871953644191000D-03  1.101437965023264000D-03
  8.174621390758148000D-04 -6.145473742762037000D-04  0.000000000000000000D+00