     1   773
  1.428816500000000000D+06  1.428880500000000000D+06  2.548607354903266000D+07
  3.461497957769017000D+07 -9.557376026160824000D+06 -2.490153072986354000D+06
 -1.235215875727404000D+05  1.595044997597614000D+04  1.087746721143866000D+04
  2.681336342200561000D+03  4.238949308001850000D+02  2.212730801908021000D+01
 -1.231887645632203000D+01 -5.317838307107552000D+00 -1.262243195771993000D+00
 -1.788348302249587000D-01 -1.948962861306489000D-03 -3.428755225660701000D+07
  3.711387385894113000D+07  9.830593200794706000D+06 -9.727363151820066000D+05
 -3.216317379205242000D+05 -5.616535441554577000D+04 -6.566271824463958000D+03
  2.703052625057431000D+02  3.479696767912231000D+02  1.067395565509373000D+02
  2.006948989219263000D+01  1.803583632928132000D+00 -3.571957935719970000D-01
 -2.194894029131801000D-01 -5.973654701173678000D-02 -2.108626797534948000D+07
  1.587740434347802000D+07  6.274020335244398000D+06 -2.411710590737791000D+05
 -1.570705087028005000D+05 -3.157445127592024000D+04 -4.687210422453090000D+03
 -1.527970830854848000D+02  1.378608783951976000D+02  5.421135801509885000D+01
  1.201385330301404000D+01  1.544915917762053000D+00 -5.012500589019778000D-02
 -9.674248187396515000D-02 -3.149219895530848000D-02 -1.052130007830179000D+07
 -5.946361226528250000D+07  4.806208715251463000D+06  5.353857154758362000D+06
 -7.709319574578835000D+05 -2.615850181153572000D+05  9.219804228194468000D+04
  8.478605323350035000D+03 -9.446785212524651000D+03  6.040936624340892000D+02
  8.374362433805606000D+02 -2.013701457402929000D+02 -5.615013894803720000D+01
  3.019345191716003000D+01  8.070164299155449000D-01  1.948119636340172000D+07
 -1.110790188241656000D+07 -1.843656374240570000D+07  2.086288875903798000D+06
  1.045008482050408000D+06 -2.564461239857341000D+05 -4.247919718241859000D+04
  2.715562517538573000D+04 -1.789938605988525000D+02 -2.528274878591898000D+03
  3.960514285501649000D+02  1.936690301596091000D+02 -7.533162781601480000D+01
 -9.011330965487984000D+00  1.062062727604173000D+01  1.143725955689414000D+07
  6.769399680224383000D+05 -1.031699961204180000D+07  5.158110067282689000D+05
  6.398636419255904000D+05 -1.072154259024013000D+05 -3.273487074359918000D+04
  1.347710021078800000D+04  9.488030927811657000D+02 -1.408731728908770000D+03
  1.176889355904103000D+02  1.250476455921703000D+02 -3.378105177549698000D+01
 -8.119285875082369000D+00  5.548139809522320000D+00  5.839290272753681000D+07
 -6.461715998055209000D+07 -1.373614179411267000D+07  2.231460747980432000D+06
  2.480451603144403000D+05 -2.104197687373849000D+04 -2.012799418960716000D+03
  6.548492417993879000D+01  1.185844063533419000D+01  2.975954781506889000D-01
 -5.386336081745224000D-02 -2.717905643909895000D-03 -1.887545497298593000D-03
 -1.379990897271459000D-03  2.037242205571803000D-04  5.985998186628531000D+07
  5.230515590774556000D+07 -1.396467137976426000D+07 -1.890571073466496000D+06
  2.314405981535731000D+05  2.136658288204786000D+04 -1.330281760696491000D+03
 -1.427302884514440000D+02  9.410743573014066000D-01  8.205564903767304000D-01
  4.169185614100094000D-02 -7.485885461821699000D-03 -3.893787983910938000D-03
  6.895569309044222000D-04  1.937722184551890000D-03  2.262515336986470000D+07
  2.724904133612400000D+07 -5.278514745655568000D+06 -9.781734349511888000D+05
  8.616879291024093000D+04  1.078588017603324000D+04 -4.574687598071190000D+02
 -6.721102441355235000D+01 -3.457137331652503000D-01  3.423537108374842000D-01
  2.061816152293491000D-02 -3.585297600989469000D-03 -1.236635826877501000D-03
  6.477732511262153000D-04  8.057491234300844000D-04 -3.937514942400024000D+07
 -4.002125404655364000D+07  7.746583173440526000D+05  1.333358180442783000D+05
 -1.460795613990036000D+03 -1.521584406820925000D+02  1.608901199416214000D+00
  1.098803262805406000D-01 -3.188240592786492000D-03  1.578441345063450000D-03
  1.361369605506964000D-04 -4.908466522522071000D-05  8.747761715365941000D-06
 -9.509549231969007000D-06 -2.064506513442363000D-06  1.269368289520264000D+08
 -9.976325881204044000D+06 -2.569887722600735000D+06  3.459244365998122000D+04
  4.478639648985657000D+03 -4.533676017454982000D+01 -3.996383635006933000D+00
  4.802206832487050000D-02  1.083390435620540000D-02 -2.327767548508905000D-04
 -7.995793590876801000D-04  5.328058911801271000D-05 -1.067191088888017000D-06
 -7.598198965596837000D-06  3.177227009770994000D-06  5.605537336448305000D+07
 -4.397045627424365000D+06 -1.134164128273791000D+06  1.524765200810064000D+04
  1.976554033476007000D+03 -1.998432581698645000D+01 -1.762821585964835000D+00
  1.993396232333174000D-02  4.471852309142296000D-03  1.714617356731906000D-04
 -3.119266797769050000D-04  1.504403155787029000D-08 -5.401148697667814000D-07
 -3.617741125273207000D-06  9.383169812622768000D-07 -1.085748908342103000D+08
 -2.803379911957492000D+07  2.143583261337350000D+06  8.870867892302629000D+04
 -3.889170592159910000D+03 -8.194714979069587000D+01  3.801610776582232000D+00
  1.229619544697161000D-02 -3.290329193390567000D-03  2.769716447544705000D-03
  3.338168663550993000D-04 -1.697802810709005000D-04 -7.646683946660964000D-05
 -1.757287238918641000D-05 -2.726942966358881000D-08  8.853470237949274000D+07
 -2.775633299909548000D+07 -1.769833838943194000D+06  9.445583644360047000D+04
  2.777800270066099000D+03 -1.153875952045451000D+02 -1.630212658264564000D+00
  1.102436534443874000D-01  5.082098698345980000D-03 -1.190458793797812000D-03
 -6.468475315129608000D-04 -6.893739797478279000D-06  2.688783416135372000D-05
  1.759012074314733000D-05  5.926397822932433000D-06  3.911830852155153000D+07
 -1.224474252602826000D+07 -7.812909574795987000D+05  4.167046095066033000D+04
  1.226322079815091000D+03 -5.090778916507164000D+01 -7.219033050689271000D-01
  4.812058078909730000D-02  2.924742886595356000D-03 -3.637587022006669000D-04
 -3.800683041858939000D-04 -3.136062264594182000D-05  1.340966290397364000D-05
  1.028662888677890000D-05  3.660854343958848000D-06 -9.743497678811515000D+07
 -5.722210063978844000D+07  1.667699279827299000D+06  1.546486045480771000D+05
 -3.253606464515280000D+03  2.230622485163839000D+00  9.013031574849681000D-01
 -1.530579687086543000D-01  5.746432319915011000D-03 -1.172297681958679000D-05
  1.998384814193712000D+08 -2.045946109457642000D+07 -3.474033797666711000D+06
  7.967732352144017000D+04  3.152856506925916000D+03 -7.901294091776849000D+01
  3.380261906975361000D+00 -4.922432147252692000D-02 -1.982103207432532000D-03
 -3.545196160319759000D-04  9.460098185621481000D+07 -7.462337359959396000D+06
 -1.643661910245968000D+06  3.132046132821055000D+04  1.549301593089645000D+03
 -3.620960126481889000D+01  1.513790384317020000D+00 -1.697123879459549000D-02
 -1.053255653591973000D-03 -1.709070035635328000D-04  7.095333928220673000D+08
 -1.092646358583085000D+07 -4.367863424393663000D+05  1.184128654635090000D+03
  2.509941055960594000D+01 -5.952107440002807000D-02 -1.033525623518894000D-03
  2.079635101469511000D-05  6.490627379162772000D-06  2.085436920579010000D+08
  3.301148912470127000D+07 -1.282234868707734000D+05 -3.367478364599937000D+03
  8.155478164691765000D+00  1.418545004093612000D-01 -3.249463598465764000D-04
  6.148637262945821000D-06 -3.374070808206286000D-07  7.125495654291806000D+07
  1.450573213224989000D+07 -4.380151993681582000D+04 -1.481592008588096000D+03
  2.856653304020200000D+00  6.265078982993509000D-02 -1.122944470652012000D-04
  3.690565875456936000D-06 -1.843147809266673000D-07  1.238512567343100000D+09
 -1.292039608130961000D+07 -1.229513736807094000D+05  1.522522150831149000D+02
  1.267970789464484000D+00  9.922923435053816000D-04 -1.211762730277610000D-05
  1.297676336906500000D-07  5.532488730739292000D+08  2.258392244592228000D+07
 -5.499289512927371000D+04 -3.987328324861945000D+02  2.624489271212179000D-01
  3.168835763118170000D-03 -5.583761899236904000D-06  1.184019669392814000D-06
  1.782335788320302000D+08  9.739798938065263000D+06 -1.771108698227733000D+04
 -1.688592226102990000D+02  5.718743833844732000D-02  1.204183008351430000D-03
 -1.903832465824463000D-06  6.199921591541788000D-07 -2.589537693289950000D+09
  6.165190662239541000D+06  3.172071556393560000D+04 -1.493802083248821000D+01
 -3.527024675294324000D-02  1.990967208506790000D-05  2.390510255342708000D-07
 -2.420725127819501000D-08 -8.535457546585981000D+08 -1.703801179321454000D+07
  1.045773983639345000D+04  3.397203029808908000D+01 -1.598304903579326000D-02
 -2.500373089620956000D-05 -9.449081991454598000D-08 -6.678858658335528000D-08
 -3.361375677212395000D+08 -7.570561963142305000D+06  4.118625473570077000D+03
  1.513458517825699000D+01 -6.496528598629496000D-03 -1.115888215075574000D-05
 -3.816747788748157000D-08 -3.511862183046929000D-08  2.556711039336101000D+09
  1.226613296641645000D+07 -7.084322090753082000D+03 -5.779950862125371000D+00
  1.404571588844626000D-03  1.743243439559022000D-06 -3.413131673463776000D+09
  8.083935530620803000D+06  9.458013767055466000D+03 -3.597223091311742000D+00
 -2.141721846065421000D-03  6.970737503823051000D-07 -1.462170150504568000D+09
  3.004624481049837000D+06  4.051762478725119000D+03 -1.328926421494271000D+00
 -9.147649374480967000D-04  2.512293967860094000D-07 -9.436077827841320000D+08
 -1.061585080409587000D+07  8.883091261407094000D+02  1.855166105006210000D+00
  5.326543119561926000D-04 -3.603755411760310000D-08  6.010190265335223000D+09
 -5.163647743315495000D+06 -5.657755292827038000D+03 -3.802026061670288000D-01
  2.199712794400968000D-04  1.138158207062730000D-07  2.176731298153320000D+09
  1.587378465330633000D+06 -2.049081307465249000D+03 -6.801744876524802000D-01
 -8.981788147262346000D-05  2.562417086378937000D-09  1.968353688409355000D+05
  2.426160110872408000D+05 -5.844604645841828000D+04 -9.779832981345168000D+03
  1.667725896039662000D+03  1.214576599699290000D+02 -3.936376845373940000D+01
  4.452897700623997000D-01  1.005229258445332000D+00 -1.007522212109203000D-01
 -2.233203426553285000D-02  5.165112645789723000D-03  2.757716931424834000D-04
 -1.979637255000062000D-04  9.328754713593190000D-06 -1.773171993306208000D+05
  1.915224973505215000D+05  5.374994107344857000D+04 -9.131738116162548000D+03
 -1.119949477446360000D+03  2.197435081930128000D+02  8.024094832757795000D+00
 -5.595802490410329000D+00  2.778298151929842000D-01  1.399416364223310000D-01
 -2.062972211664544000D-02 -2.664849952809315000D-03  9.135962322899088000D-04
  7.982459436405706000D-06 -3.296961793622269000D-05 -8.054549225448799000D+04
  1.165914506827503000D+05  2.457994174840393000D+04 -5.454078403171593000D+03
 -4.841566029900363000D+02  1.239236261780369000D+02  1.706974791701635000D+00
 -2.925444780291234000D+00  2.113102953304289000D-01  6.736648664588044000D-02
 -1.232413760311498000D-02 -1.073677441876202000D-03  4.998411984594568000D-04
 -8.534035834686845000D-06 -1.679612727801453000D-05  1.491733897468148000D+05
 -2.672901066588041000D+05 -3.428832642180233000D+04  9.582101355928508000D+03
  3.014517927820272000D+02 -7.950951985824341000D+01  2.342252910965957000D+00
 -2.458979670100802000D-01  4.094536121222673000D-02  4.316497547190504000D-03
 -1.654647210817497000D-03  1.047828267552821000D-04  1.588660363447014000D-06
 -3.705520715969080000D-07  1.918009622903876000D-07  2.524107837895119000D+05
  1.450695136238124000D+05 -5.432090337117785000D+04 -4.002396297970094000D+03
  9.077823948431433000D+02  1.578625989462993000D+00 -2.663507480620090000D+00
  1.226924536654576000D-01 -5.173211194583770000D-02  1.025209125386655000D-02
 -1.480309454562082000D-04 -1.232499041605723000D-04  1.195812248981596000D-05
 -1.197030256775127000D-06  1.822217651789239000D-07  1.426290103464833000D+05
  5.889242330911852000D+04 -3.091658206053541000D+04 -1.487631960661811000D+03
  5.000423602458595000D+02 -4.305148561380872000D+00 -1.268914051553120000D+00
  4.905966158311957000D-02 -2.458499486813111000D-02  5.687532541665171000D-03
 -1.854416568149101000D-04 -5.837220939512010000D-05  6.421283441796585000D-06
 -6.538819232770128000D-07  1.084013809430237000D-07 -3.068220568567700000D+05
 -1.037518768025430000D+05  6.550853589470426000D+04  4.247358624213196000D+03
 -8.316614878923994000D+02 -4.272601770293035000D+01 -1.362317382567504000D+00
 -4.302526217136141000D-01  2.125673119657264000D-02  1.153470203357363000D-02
  9.972233578220420000D-04  4.044114480406042000D-05  2.119284260951327000D-06
 -1.544239351948716000D-06 -3.797836932939631000D-07  1.191870567569007000D+05
 -2.521500615666365000D+05 -2.385308019725166000D+04  7.922329375957862000D+03
  4.689872323674241000D+02 -3.362082999434759000D+01 -8.159234097880475000D-01
 -3.571869595883743000D-01 -8.627452650723534000D-02 -3.905928818242496000D-03
  5.726915025430360000D-04  8.183184225357241000D-05  1.308936569023585000D-05
  1.991576289422106000D-06  2.476126016782104000D-08  4.222323654648735000D+04
 -1.398765586013059000D+05 -8.231470196107754000D+03  4.469693600826954000D+03
  1.927121334267852000D+02 -2.072830742018474000D+01 -5.283183868546320000D-01
 -2.168867275006264000D-01 -4.412170979907561000D-02 -1.287856861587790000D-03
  3.700018490936750000D-04  4.598230522041443000D-05  7.045694061167314000D-06
  9.472183497891752000D-07 -1.244437976398629000D-08 -3.457673998433161000D+04
  3.291578121661118000D+05  8.740120732893349000D+03 -1.416719909408408000D+04
 -6.581659122384787000D+02  2.422799739945311000D+02  3.165113766764854000D+01
 -2.963710806488136000D+00 -1.169988433378551000D+00 -1.678137294647506000D-02
  3.570337474770208000D-02  3.903554277622309000D-03 -8.437575771211524000D-04
 -2.170403950891564000D-04  8.479841039896305000D-06 -2.430515046200098000D+05
 -2.623197559480709000D+04  7.250171096626120000D+04  2.589634806910172000D+03
 -1.710045632255071000D+03 -1.393706749278517000D+02  2.407188743130927000D+01
  5.612836582984568000D+00 -1.519999111353521000D-01 -1.850496528657599000D-01
 -1.209084150275924000D-02  4.969825409474544000D-03  8.866318869735409000D-04
 -8.836719608812469000D-05 -4.159553627642314000D-05 -1.304771641131338000D+05
  8.335543814595795000D+03  3.886207612486077000D+04  4.146629025669498000D+02
 -9.479040891374607000D+02 -5.727024358111705000D+01  1.485412732824935000D+01
  2.763780212473519000D+00 -1.592410266258096000D-01 -9.884131674408666000D-02
 -3.974891440132237000D-03  2.887448319005427000D-03  4.112064755215106000D-04
 -6.130014814955676000D-05 -2.138972029809085000D-05  2.792511779254621000D+05
 -8.708796111296133000D+04 -7.345378270892045000D+04  5.452875827774088000D+03
  1.174506850979159000D+03 -1.562575752985934000D+02  5.134174376268772000D+00
  2.189242046360509000D+00 -5.256538910739355000D-01  2.819958337164959000D-02
  8.809341229312698000D-03 -2.190323383686074000D-03  1.365284270909533000D-04
  3.824446863641792000D-05 -1.079943303781115000D-05  8.842293308983963000D+04
  2.740701250107488000D+05 -2.113278413064377000D+04 -1.000254174604367000D+04
  8.503898683482957000D+02  6.426162302429555000D+01 -1.890660903521030000D+01
  2.176328988626143000D+00  9.945132410186773000D-02 -7.189570058607413000D-02
  8.945094382332941000D-03  3.821089637285635000D-04 -3.088676955646455000D-04
  4.288660349902792000D-05  1.228219869299794000D-06  6.562346023606250000D+04
  1.387574567456658000D+05 -1.612791761507118000D+04 -4.914982980974060000D+03
  5.285605252704180000D+02  2.344690366172668000D+01 -9.640823349007279000D+00
  1.296426647604874000D+00  1.709054533445358000D-02 -3.606030760228948000D-02
  5.316923604165689000D-03  5.407341280599206000D-05 -1.538706274591656000D-04
  2.522236835877156000D-05 -7.986485653418220000D-08 -1.654674674220350000D+05
 -2.663831786086665000D+05  3.315701062947250000D+04  8.479529149526494000D+03
 -4.590395708122458000D+02 -5.329950458089440000D+01  5.835238538397804000D-02
  1.497923559630371000D-01  2.413518172346854000D-02 -6.798124161763333000D-03
 -7.170907802766507000D-05  7.393926850290459000D-05  3.884696318265382000D-06
 -3.472703259114722000D-07 -1.238244031684222000D-07  2.642135520787449000D+05
 -1.250731433107246000D+05 -5.372148204233301000D+04  4.062141595435113000D+03
  7.314399470732892000D+02 -2.297752981805218000D+01 -2.002081879162957000D+00
 -1.742688720646899000D-01  3.099952974764745000D-02  1.625366109703429000D-03
 -7.525939524052694000D-04 -1.285509004056425000D-05  4.067628057869273000D-06
  7.289487230742488000D-07 -4.806222485256570000D-08  1.282036835630306000D+05
 -8.414537566058909000D+04 -2.611521066203456000D+04  2.722368037705990000D+03
  3.553405436759708000D+02 -1.580229824288424000D+01 -1.056387667815364000D+00
 -8.149520085806836000D-02  1.801257045329069000D-02  3.968029104240017000D-04
 -4.024601177612708000D-04 -1.760922368797347000D-06  2.416016760075982000D-06
  3.611550124686953000D-07 -3.381508582717827000D-08 -2.480716940747798000D+05
  2.068607676068551000D+05  5.928877037248175000D+04 -6.151971740386557000D+03
 -1.250462157970091000D+03 -9.887695455195546000D+00  7.404047032044330000D+00
  1.524996867932430000D+00  1.980395900408230000D-01 -9.666164203144248000D-04
 -4.540986662241968000D-03 -7.200646514328980000D-04 -3.796660839473036000D-05
  8.483949982059110000D-06  2.630516053519062000D-06 -1.564280988257455000D+05
 -2.157515740072619000D+05  4.001668999526222000D+04  8.878957905375541000D+03
 -3.737672717537432000D+02 -1.074810543383884000D+02 -7.966325281251660000D+00
 -3.374100330850283000D-01  1.245098392027998000D-01  3.328605200013521000D-02
  2.760388471696551000D-03 -2.074842043097921000D-04 -9.134617739453239000D-05
 -1.325660306274607000D-05 -4.881835338659696000D-07 -9.948591927977507000D+04
 -9.982076264772052000D+04  2.516632659306794000D+04  4.268259658772458000D+03
 -2.828874602838801000D+02 -5.741836704914872000D+01 -3.694445190181890000D+00
 -7.392342661471621000D-02  7.920166634265886000D-02  1.750159522678810000D-02
  1.147078542435350000D-03 -1.586406806034464000D-04 -5.079942557916771000D-05
 -6.417743477148061000D-06 -7.824861630483397000D-08  2.405071043629770000D+05
  1.655164472637334000D+05 -7.289099868841433000D+04 -6.734387795457345000D+03
  1.985655644969447000D+03  1.022894285343530000D+02 -4.533194991154753000D+01
 -1.305403470541449000D+00  1.308765455258443000D+00  9.702053499906421000D-03
 -4.258238107579436000D-02  6.894476919417889000D-04  1.465297426972087000D-03
 -6.017346540488188000D-05 -5.360914879080990000D-05 -1.212741865586846000D+05
  2.506519851098767000D+05  3.772125727439262000D+04 -1.150279561111254000D+04
 -8.321941832855442000D+02  2.568670040860169000D+02  1.149175099827715000D+01
 -6.630782182435386000D+00 -1.595458956505533000D-01  2.070644513577818000D-01
  4.017833002659456000D-04 -6.996527689190875000D-03  1.562407210351556000D-04
  2.446561553968988000D-04 -1.237305166045771000D-05 -4.769851670644603000D+04
  1.435459933629226000D+05  1.493754986838677000D+04 -6.530477357297553000D+03
 -3.034522766576128000D+02  1.425911002366878000D+02  2.968547975352939000D+00
 -3.589279881956120000D+00  5.110767903426117000D-03  1.099550113324418000D-01
 -2.693265511250598000D-03 -3.645816414836170000D-03  1.824272345264182000D-04
  1.250268904211748000D-04 -1.018751378397523000D-05 -1.050183535273944000D+06
  1.361528653578512000D+04  4.730041488483677000D+02 -1.103277871011150000D+01
 -2.069161723185061000D+00  3.813015712243251000D-02  2.700681172177626000D-01
  7.228115327983883000D-02 -3.859093111627176000D-02 -2.608691824562641000D-02
  3.808148554214311000D-03  7.525153259031866000D-03  2.097358025055093000D-03
 -1.409126498304117000D-03 -1.195535248655988000D-03 -1.457450705284979000D+05
 -3.765863739276389000D+04  2.032849233145184000D+02  9.453825216246711000D+00
 -1.160581055562145000D+00 -6.262090162967015000D-01 -6.275870268724622000D-02
  9.968537083740440000D-02  3.945171468395189000D-02 -1.307914037432262000D-02
 -1.248800074694013000D-02 -1.422588474256542000D-03  3.038305220353374000D-03
  1.115642260724874000D-03 -4.457546283981797000D-04 -2.952736835849000000D+04
 -1.647643420650271000D+04  7.311143621125932000D+01  4.974699318788300000D+00
 -3.344396190766983000D-01 -3.289676127426032000D-01 -6.333200366686295000D-02
  4.488629804380071000D-02  2.520382812567472000D-02 -4.059689754368983000D-03
 -7.049463906494141000D-03 -1.586565188169391000D-03  1.381467548978377000D-03
  7.478655127547520000D-04 -1.047235863901355000D-04  0.000000000000000000D+00
     2   773
  1.428880500000000000D+06  1.428944500000000000D+06 -3.265188548434543000D+07
  3.733305124156371000D+07  7.602873638391165000D+06 -1.608252569188714000D+06
  5.440043280981683000D+03 -5.811377439539937000D+03 -1.937654099464491000D+03
  3.383566327240593000D+02 -7.096681834435181000D+01  1.128843327072977000D+01
 -1.137644060038420000D+00  9.921167067051298000D-02  1.643932665199062000D-02
 -5.791718983256919000D-03  1.551768781529396000D-03 -4.236325286573614000D+07
 -2.641569608998730000D+07  9.567294277532849000D+06  6.933940667248842000D+05
 -1.143382284178011000D+05  1.489728693649175000D+04 -2.868068671913456000D+03
  1.586297693989502000D+02 -2.007343727630156000D+01 -4.526317939985021000D+00
  1.113215151816842000D+00 -2.869671548294889000D-01  4.832617557564810000D-02
 -6.599298695071283000D-03  6.769405780496870000D-04 -1.893879069074851000D+07
 -1.814372519116162000D+07  4.238156255729667000D+06  5.457494449184573000D+05
 -6.129072141549567000D+04  8.549456734457113000D+03 -1.308243028230021000D+03
  4.681248431388449000D+01 -2.813317060757983000D+00 -3.649841139593252000D+00
  7.165878944523811000D-01 -1.632816118294255000D-01  2.383452923042970000D-02
 -2.862862600817528000D-03  1.878451611095362000D-04  3.318742774161048000D+07
  8.156511365858986000D+06 -1.680309135645887000D+07 -2.304811081813366000D+06
  2.606430922430682000D+05  1.493679952475295000D+05  3.223298956896004000D+04
  1.340824721037122000D+03 -1.547832912358787000D+03 -5.967607643368413000D+02
 -9.494661866968292000D+01  9.367750481723785000D+00  1.003829426824841000D+01
  2.819001900032081000D+00  2.944526877740850000D-01 -1.486026055273623000D+07
  5.011274755267929000D+07  4.055509119454409000D+06 -2.847173224736708000D+06
 -6.016288810666572000D+05 -3.951552731607292000D+04  1.872965522519118000D+04
  8.139999642150183000D+03  1.447560720110018000D+03 -5.254589225874676000D+01
 -1.163036879620776000D+02 -3.540889990877057000D+01 -3.955188112062453000D+00
  1.255037411753009000D+00  7.348402370258031000D-01 -1.161020113717499000D+07
  2.570068615280051000D+07  4.009269801133196000D+06 -1.256584139424832000D+06
 -3.481383531427039000D+05 -3.747873783691984000D+04  6.379967894267749000D+03
  4.172480570645142000D+03  9.393776470737899000D+02  3.804764973763164000D+01
 -5.124184615972513000D+01 -1.982978461713437000D+01 -3.208547473399558000D+00
  3.546789211459154000D-01  3.575108754151586000D-01 -7.649874763036771000D+07
 -4.294275924459082000D+07  1.787469253105766000D+07  1.518910791754960000D+06
 -3.220450964314052000D+05 -1.585751179163031000D+04  2.623297056077033000D+03
  8.319193747501192000D+01 -1.660977289052793000D+01 -2.879899493593062000D-01
  1.153098777570170000D-01  4.820645750304045000D-04 -8.583062348268932000D-04
  8.007587100944711000D-06  6.251549569387989000D-06  3.644723760956494000D+07
 -7.120982659797082000D+07 -8.711601377219516000D+06  2.562718422706751000D+06
  1.509814866122928000D+05 -2.875477443725869000D+04 -1.061329713714352000D+03
  1.935782502367874000D+02  4.289614059760150000D+00 -1.253367683376921000D+00
 -1.020896835300416000D-02  9.138717362533743000D-03 -4.203667962754608000D-05
 -6.900887904626095000D-05  7.905321544418916000D-07  2.098370057129066000D+07
 -2.866156834067156000D+07 -4.996445031421896000D+06  1.033226256344341000D+06
  8.738328162967791000D+04 -1.166964772633562000D+04 -6.374239587521093000D+02
  8.007948987427909000D+01  2.963816887977050000D+00 -5.345005266007861000D-01
 -1.190937822073578000D-02  4.005355767799350000D-03  3.658029286090403000D-05
 -3.130835653475337000D-05 -2.227974899020448000D-07 -1.449311719245091000D+08
 -7.776900410356855000D+06  2.796903419388187000D+06  1.838119126118664000D+04
 -4.611754900644648000D+03  7.614234317208551000D+00  3.270690428239808000D+00
 -6.604686874659127000D-02  4.106750057152049000D-03  3.372608074058501000D-03
 -6.005627429786024000D-04 -5.587072526716716000D-04 -4.570695448466279000D-05
  6.113892118917765000D-05  2.699889065091209000D-05  2.286472826910567000D+07
 -3.680981858837964000D+07 -4.500340850362703000D+05  1.192904259135885000D+05
  3.073150121704283000D+02 -1.217988367724156000D+02  8.840583788769420000D-01
  7.259043649653890000D-02  1.374559171266665000D-03 -1.269640500593169000D-03
 -6.253639791876824000D-04  4.189331301246336000D-05  8.518924114712288000D-05
  1.866177825857381000D-05 -3.979405953030666000D-06  1.014390833695233000D+07
 -1.624262669711711000D+07 -1.989661612271857000D+05  5.263897156951670000D+04
  1.362329247825529000D+02 -5.375039825774045000D+01  3.889008763353168000D-01
  3.323706629368691000D-02  9.302645979229776000D-04 -8.613668309067478000D-04
 -3.623921632012612000D-04  5.372417339490281000D-05  5.600922242179262000D-05
  7.650117879533947000D-06 -4.298498806503747000D-06 -1.382732235766214000D+08
  1.426289899581057000D+07  2.592143848852925000D+06 -5.045919462095657000D+04
 -3.804313670044207000D+03  6.644904644801281000D+01  1.570198775027778000D+00
 -6.027523463368674000D-02  9.249759150442658000D-03  6.808878606620286000D-04
 -1.611190673178349000D-03 -2.025385404232686000D-04  2.388241659632424000D-04
  4.662480615203037000D-05 -2.872946139079705000D-05 -4.987882560341926000D+07
 -3.477553191515928000D+07  9.357428433076695000D+05  1.063815964943435000D+05
 -1.802362123729854000D+03 -8.545441483207593000D+01  1.857717553314872000D+00
  1.733343612232533000D-02  1.565031740986602000D-03 -2.053939442929259000D-03
 -6.379577599127932000D-04  2.962046779203359000D-04  1.306560392930310000D-04
 -2.943140109798551000D-05 -2.458798620008977000D-05 -2.195768938898563000D+07
 -1.534784628888173000D+07  4.125885846720873000D+05  4.695183033734395000D+04
 -7.948326171548413000D+02 -3.771947027134823000D+01  8.207890591867525000D-01
  8.010266302008153000D-03  2.200446015440074000D-05 -1.033054471107077000D-03
 -1.398874289761565000D-04  1.629047181899590000D-04  3.550903186628003000D-05
 -1.926062965312225000D-05 -8.184685956424692000D-06 -1.932823313302040000D+08
 -3.733745158813607000D+07  3.213083130998446000D+06  1.029289212903315000D+05
 -3.267115159413075000D+03 -1.432994370492757000D+01 -1.923961568800905000D+00
 -7.506157466525355000D-02  1.549063623289844000D-03  4.639294397546736000D-04
  1.346975272239061000D+08 -4.366392585503631000D+07 -2.254669017309561000D+06
  1.213056131112697000D+05  2.241115221825308000D+03 -1.998526391700187000D+01
  1.393320435516873000D+00 -7.961547454755066000D-02  6.693308146279053000D-04
 -3.039674894385112000D-04  6.798580094407943000D+07 -1.873012523065692000D+07
 -1.137185429509666000D+06  5.206525141042785000D+04  1.132738826993571000D+03
 -8.665898361568273000D+00  7.021818354247522000D-01 -3.390560075743856000D-02
  1.497069500852664000D-04 -1.457180822151721000D-04  6.842359263776811000D+08
 -1.435718729587272000D+07 -4.202103608686372000D+05  1.575027573216595000D+03
  2.369660393687897000D+01 -8.047271092116441000D-02 -8.490509644986629000D-04
  5.211823557081837000D-06  4.410209094462830000D-07  2.734146243485324000D+08
  3.182649318169038000D+07 -1.677581983662945000D+05 -3.214780163734152000D+03
  1.089762361717029000D+01  1.313546053200082000D-01 -5.326530298289705000D-04
 -5.657240123115892000D-06 -1.000303126595039000D-06  9.986031874354763000D+07
  1.408507473674346000D+07 -6.126557667546737000D+04 -1.426036277367538000D+03
  4.074932449441432000D+00  5.871622798108834000D-02 -2.067832026370753000D-04
 -2.929351867890213000D-06 -5.967645006865361000D-07  1.211694194176863000D+09
 -1.389635263532728000D+07 -1.210019989668935000D+05  1.726893732913106000D+02
  1.286272646778014000D+00  8.368649839249754000D-04 -1.043403987466104000D-05
 -4.377863362213076000D-07  5.979616765055666000D+08  2.212491628453063000D+07
 -5.975041669464248000D+04 -3.940314390655392000D+02  3.247514709900361000D-01
  3.017657507912315000D-03 -1.147910344281356000D-05 -3.108363222682069000D-07
  1.975650835441232000D+08  9.590022377866481000D+06 -1.973111669721104000D+04
 -1.677529478957919000D+02  8.093014547653256000D-02  1.152746821253156000D-03
 -3.994967024573755000D-06 -1.292546941018031000D-07 -2.576954120637778000D+09
  6.418229798302810000D+06  3.153808631456942000D+04 -1.549926867589025000D+01
 -3.490487620091909000D-02  1.504517604165647000D-05 -1.691550235513868000D-07
  4.712201643824814000D-08 -8.875368284840437000D+08 -1.695272360412837000D+07
  1.086385252763354000D+04  3.371207729082619000D+01 -1.651554265126350000D-02
 -2.610845071339540000D-05  3.210280504884756000D-07  4.165302615795365000D-08
 -3.512451687885176000D+08 -7.536888284074204000D+06  4.299609084505034000D+03
  1.502874841038089000D+01 -6.735496910186115000D-03 -1.181838561054152000D-05
  1.387894268595295000D-07  2.227029610153650000D-08  2.581186411325406000D+09
  1.220918133659101000D+07 -7.153545593593165000D+03 -5.757226913048957000D+00
  1.433856967395270000D-03  1.238290908064941000D-06 -3.396888275397536000D+09
  8.159426392331131000D+06  9.414641841365178000D+03 -3.631404045063488000D+00
 -2.130005963980909000D-03  8.687584828848507000D-07 -1.456128538117279000D+09
  3.036974543895872000D+06  4.035727673779380000D+03 -1.343530923963119000D+00
 -9.103813406428065000D-04  3.377955552634417000D-07 -9.648323073207674000D+08
 -1.060865513828350000D+07  9.106222320655622000D+02  1.863683059258289000D+00
  5.317312974403546000D-04 -1.145010917775388000D-07  5.999817693400907000D+09
 -5.208927975370053000D+06 -5.662296531536894000D+03 -3.766664775348120000D-01
  2.216215013865900000D-04  1.100995429736392000D-08  2.179889636569635000D+09
  1.570953142045765000D+06 -2.057252033576122000D+03 -6.816146000413278000D-01
 -9.033433915799822000D-05 -2.630944193505519000D-08  5.282212476845974000D+04
 -2.991657555653647000D+05 -1.325040583560924000D+04  1.026790949884290000D+04
 -9.100169998902455000D+01 -5.516134635815054000D+01  5.820191085917565000D+00
 -1.177631063392068000D+00  4.433677434810555000D-02  1.318326873738139000D-02
 -2.528986633457750000D-03  3.004383773175742000D-04 -9.173788590965287000D-06
 -5.145443038143846000D-06  1.107552792125737000D-06  2.835633357593196000D+05
  6.847091338811377000D+04 -6.217623870136865000D+04 -1.160058530217358000D+03
  9.141078567037352000D+02 -3.376155000936604000D+01  2.245409549390726000D+00
  3.554292154788847000D-01 -1.521492264608526000D-01  1.414104911312203000D-02
 -2.196071753457379000D-04 -1.859364594022327000D-04  4.803719932373272000D-05
 -5.224183650535446000D-06  7.060066826556731000D-09  1.531727025229753000D+05
  1.580007822287605000D+04 -3.368641559374402000D+04  9.206345398292772000D+01
  4.759738117341324000D+02 -2.167095686256331000D+01  1.579713521574458000D+00
  1.076491129647230000D-01 -7.725374733937628000D-02  8.365529629029110000D-03
 -2.885037578602138000D-04 -7.768981241446415000D-05  2.472801321953076000D-05
 -3.108187750070321000D-06  7.930324775490470000D-08 -3.253525109525394000D+05
 -7.718789295016967000D+03  7.042124806740040000D+04  1.238402238585846000D+03
 -1.062610838658686000D+03 -4.238152517890487000D+01  3.999139556619449000D+00
  4.604178582442736000D-01 -2.890910948640408000D-02 -1.932575440637259000D-03
  1.144994177149889000D-03  7.691812220402689000D-05 -1.477805750003960000D-05
 -1.881176248870755000D-06  1.314017931075170000D-07  2.892644749848266000D+04
 -2.747319940174100000D+05 -5.193076247788102000D+03  9.210435179940809000D+03
  2.616667871793437000D+02 -6.892039950177875000D+01 -4.638531410788498000D+00
  1.512768638293694000D-01  2.771459865157559000D-02 -5.942179307378033000D-03
 -3.198868658196380000D-04  1.266689794779659000D-04  1.268838764801583000D-05
 -1.112892170480488000D-06 -1.880279051555256000D-07 -6.603458720147184000D+03
 -1.452072051377294000D+05  2.062647857138359000D+03  4.933372279444266000D+03
  6.438946717566116000D+01 -3.919313809371209000D+01 -2.159097266895408000D+00
  1.116399900565616000D-01  1.261932827976544000D-02 -3.264323935721181000D-03
 -9.042403458663143000D-05  7.192132487894005000D-05  5.663581101366894000D-06
 -7.148111820406961000D-07 -8.980419753719593000D-08  5.607024505591729000D+04
  3.145847534293660000D+05 -1.718951606844761000D+04 -1.333998641189366000D+04
  4.477116109435551000D+01  2.079786116619253000D+02  1.379750616226247000D+01
 -1.707370306738285000D+00 -5.084527702518775000D-01 -2.881370858721555000D-02
  9.808461264785082000D-03  1.980370695619254000D-03 -1.753419137031201000D-05
 -5.530258642827960000D-05 -6.989445381101637000D-06 -2.497834209009622000D+05
  6.266752451428064000D+04  7.091563762236254000D+04 -1.477582158278286000D+03
 -1.602593240914874000D+03 -4.449632708076991000D+01  1.850018074861053000D+01
  2.627943789949747000D+00 -1.498739748341482000D-02 -6.728100748534592000D-02
 -8.372211741505918000D-03  7.639133938737210000D-04  3.164189239473223000D-04
  1.930565710948192000D-05 -6.175784813227578000D-06 -1.275854810809435000D+05
  5.418383889501458000D+04  3.610952659869563000D+04 -1.688982753310963000D+03
 -8.391389424891493000D+02 -9.074716660781721000D+00  1.066170008668435000D+01
  1.263003387783040000D+00 -4.254437060443208000D-02 -3.729997332336715000D-02
 -3.729361606782604000D-03  5.362074370515880000D-04  1.650120024498706000D-04
  6.372923873860039000D-06 -3.720085945569306000D-06  2.363288016643180000D+05
 -1.738422934061413000D+05 -6.251527353167878000D+04  8.395551554933311000D+03
  9.426779419768067000D+02 -1.854339405206574000D+02  5.076725515405506000D+00
  3.187194588879243000D+00 -5.009074723118834000D-01 -2.382049051590708000D-02
  1.525664468939978000D-02 -1.140350514064999000D-03 -2.852536552917744000D-04
  6.608602100243554000D-05  1.357603144783292000D-07  1.546071214959628000D+05
  2.446016113819757000D+05 -3.897529388386332000D+04 -8.610411590360236000D+03
  1.129657755510030000D+03  5.012818919159991000D+01 -2.256132897010898000D+01
  1.887290792230915000D+00  3.191987042171049000D-01 -8.137888395686756000D-02
  9.982777462102778000D-04  2.025723403338674000D-03 -2.671835680942528000D-04
 -2.574901696060294000D-05  1.104306764123745000D-05  9.691507991160291000D+04
  1.165973882174912000D+05 -2.471270663051845000D+04 -3.945231999514502000D+03
  6.584866735725384000D+02  1.362631884638253000D+01 -1.151696809296088000D+01
  1.208997276391089000D+00  1.335704056124001000D-01 -4.437841628816479000D-02
  1.564158643737902000D-03  9.865416583782460000D-04 -1.597923813881871000D-04
 -9.025484254220299000D-06  5.810436144624852000D-06 -2.411330385536492000D+05
 -2.074919019798897000D+05  5.021838311339502000D+04  6.858118403733873000D+03
 -6.294922538520122000D+02 -4.555701740166983000D+01 -3.554568600934010000D+00
 -3.914054867472560000D-02  1.075111101692817000D-01  1.449970637263914000D-03
 -2.349896335358099000D-04 -8.783942092367456000D-05 -1.158284148315660000D-05
  1.661960587357436000D-06  1.477351944030911000D-07  2.103889120413082000D+05
 -1.922825212158446000D+05 -4.443333150491556000D+04  6.106090389180135000D+03
  6.316774381264337000D+02 -1.930344653447802000D+01 -1.364080494831313000D+00
 -7.707862760172750000D-01 -1.189297192239158000D-02  7.469467797346063000D-03
  3.417332663983460000D-04  4.938786898930044000D-05 -1.264964174942696000D-05
 -1.337877296092877000D-06  7.737098694801658000D-08  9.401905446111607000D+04
 -1.147010080997060000D+05 -1.983077330526624000D+04  3.672474198047611000D+03
  2.867571000858843000D+02 -1.339911990840912000D+01 -9.480517474937765000D-01
 -4.055609829466663000D-01  1.193397968562180000D-03  4.014220450660036000D-03
  1.610488546139869000D-04  1.984215201628276000D-05 -7.412983511125348000D-06
 -5.856155566136000000D-07  5.084840953788196000D-08 -1.655831112979791000D+05
  2.756848942520177000D+05  4.026333369021645000D+04 -9.860888762114959000D+03
 -1.005071929778885000D+03  9.126968942583765000D+01  1.288354380144746000D+01
 -3.538252553772343000D-01 -7.592658102806299000D-02  1.024680721588032000D-02
 -2.388675386532681000D-04 -4.015236317188530000D-04 -1.887932738367521000D-06
  8.082031442357721000D-06  1.806634838839805000D-07 -2.197883477036811000D+05
 -1.509332228429391000D+05  5.677791681360665000D+04  6.706567379451879000D+03
 -9.423302162301621000D+02 -1.116543391453587000D+02  4.898464131258942000D+00
  1.030404573575170000D+00 -3.616792418693762000D-02 -2.246495818772057000D-03
  1.989261628682928000D-03 -1.658976596462544000D-05 -5.413754171828454000D-05
 -1.228095988227604000D-06  8.568907716007180000D-07 -1.257582286686321000D+05
 -6.010341273128992000D+04  3.241522886860987000D+04  2.821124568813890000D+03
 -5.623807507744330000D+02 -5.192195273857843000D+01  3.463847929180102000D+00
  5.136249423821504000D-01 -2.429708721942886000D-02 -4.802392752734122000D-04
  1.023260379804895000D-03 -3.624426646333178000D-05 -2.840367380571648000D-05
 -8.210424811672533000D-08  4.603112172416786000D-07  2.804296743231840000D+05
  6.571670483549722000D+04 -7.906808118736651000D+04 -2.182803052143718000D+03
  1.822130173801161000D+03  2.064008385959501000D+01 -2.732110685931900000D+01
 -5.950589267123856000D-01  4.743259663101324000D-01  3.214974370605315000D-02
 -9.917170191675329000D-03 -1.216941494946300000D-03  2.201798518927237000D-04
  3.936848716612277000D-05 -4.735355780265018000D-06 -5.373025744529866000D+04
  2.823415786920170000D+05  1.635738768222957000D+04 -1.188812468268127000D+04
 -2.662023061785979000D+02  1.987488655406017000D+02  3.202545214871511000D+00
 -3.089117226727413000D+00 -1.432348346774460000D-01  5.908138963360425000D-02
  6.005721349624260000D-03 -1.279345405538054000D-03 -2.025382461718162000D-04
  2.761737319895170000D-05  6.506288121422271000D-06 -9.044676719193646000D+03
  1.514988535381306000D+05  3.072461447918150000D+03 -6.351042299170680000D+03
 -1.180169369137966000D+01  1.051534222048683000D+02 -2.359771967439452000D-01
 -1.652197445843233000D+00 -4.167489784148679000D-02  3.301954997577668000D-02
  2.442193333360030000D-03 -7.510209846745137000D-04 -9.030239794514522000D-05
  1.711988747744823000D-05  3.062779201862225000D-06 -3.757432897938951000D+04
 -3.071183551060691000D+05  7.726015667034672000D+03  1.025522298043285000D+04
 -3.635917006074815000D+02 -5.051663271821182000D+01  7.990092895626169000D+00
 -1.170053318027971000D+00 -3.682581974062887000D-02  2.030463456765264000D-02
 -2.188943919770050000D-03  1.914898593770183000D-05  4.749299041410076000D-05
 -6.794166714454501000D-06  1.113018337360312000D-07  2.882834258822802000D+05
 -8.653634930704548000D+03 -6.362471367642961000D+04  1.244616216358179000D+03
  8.931601297336192000D+02 -5.080455743694811000D+01  2.373006656361441000D+00
  7.383438688478904000D-01 -1.622360938160974000D-01  5.106590602138049000D-03
  1.347234342242605000D-03 -3.422139675245592000D-04  2.554376180981618000D-05
  3.396467999300040000D-06 -9.331096006262261000D-07  1.470117762468960000D+05
 -2.570286374571819000D+04 -3.254993986604623000D+04  1.369502777421861000D+03
  4.403009416785899000D+02 -3.016794613760615000D+01  1.780770453761910000D+00
  3.040856803724204000D-01 -8.710268065256194000D-02  4.075293628097232000D-03
  5.516583486644064000D-04 -1.770195606686290000D-04  1.659872648102350000D-05
  1.299244622693409000D-06 -4.787247331827507000D-07 -1.019611982065090000D+06
  1.685841857457890000D+04  3.591111144002584000D+02 -2.190220071445833000D+00
  1.127580775207437000D+00  1.151220001523834000D-02 -5.385560228427670000D-02
 -2.190802886665183000D-02 -5.751456090659159000D-03 -8.216687615235015000D-04
  4.260718037290625000D-04  3.289727975073396000D-04  1.515933151290362000D-04
  3.791269818150531000D-05  1.035623298170998000D-06 -2.193744494404678000D+05
 -3.598719798950642000D+04  1.891785888898038000D+02 -5.330277848657516000D+00
  2.099586200006214000D-01  2.112597276100459000D-01  4.068087496386135000D-02
 -2.669280097557733000D-03 -4.117926666408978000D-03 -2.476833171900706000D-03
 -8.305927968616425000D-04 -1.330025601991242000D-04  2.890911619061563000D-05
  4.129099848768551000D-05  2.028420700081157000D-05 -6.184587089559916000D+04
 -1.584566732051938000D+04  7.147358763119274000D+01 -2.350930589470218000D+00
  7.508618043088862000D-02  1.050150004734078000D-01  2.698962035491429000D-02
  1.040706256474865000D-03 -1.547629288880543000D-03 -1.224131632734786000D-03
 -4.881631035059710000D-04 -1.069340820928315000D-04 -9.040632509169210000D-07
  1.772262897010504000D-05  1.043709356598249000D-05  0.000000000000000000D+00